# unix_time, cycles_done, cur_path, paths_total, pending_total, pending_favs, map_size, unique_crashes, unique_hangs, max_depth, execs_per_sec, valid_inputs, invalid_inputs, valid_cov, all_covered_probes, valid_covered_probes
1671381026, 0, 0, 1, 0, 0, 4,66%, 0, 0, 0, 0,14, 1, 0, 4,66%, 3055, 3055
1671381027, 0, 0, 2, 0, 0, 4,71%, 0, 0, 0, 1,81, 2, 0, 4,71%, 3089, 3089
1671381027, 0, 0, 3, 0, 0, 4,73%, 0, 0, 0, 2,06, 3, 0, 4,73%, 3100, 3100
1671381028, 0, 0, 4, 0, 0, 4,73%, 0, 0, 0, 2,14, 4, 0, 4,73%, 3100, 3100
1671381028, 0, 0, 5, 0, 0, 4,73%, 0, 0, 0, 2,18, 5, 0, 4,73%, 3100, 3100
1671381029, 0, 0, 6, 0, 0, 4,73%, 0, 0, 0, 2,00, 6, 0, 4,73%, 3101, 3101
1671381029, 0, 0, 7, 0, 0, 4,73%, 0, 0, 0, 2,10, 7, 0, 4,73%, 3101, 3101
1671381030, 0, 0, 8, 0, 0, 4,73%, 0, 0, 0, 1,99, 8, 0, 4,73%, 3101, 3101
1671381030, 0, 0, 8, 0, 0, 4,73%, 0, 0, 0, 2,14, 9, 0, 4,73%, 3101, 3101
1671381031, 0, 0, 8, 0, 0, 4,73%, 0, 0, 0, 2,24, 10, 0, 4,73%, 3101, 3101
1671381031, 0, 0, 8, 0, 0, 4,73%, 0, 0, 0, 0,00, 10, 0, 4,73%, 3101, 3101
